Near field
"Phi"[deg]	"MLFMM_Sphere2_Scat_Field [dBV/m]"	"Sphere2_Scat_Field [dBV/m]"	
0.00000000E+00	-2.61166833E+01	-2.56149758E+01	
5.00000000E-01	-2.64505211E+01	-2.60060276E+01	
1.00000000E+00	-2.73095858E+01	-2.68852960E+01	
1.50000000E+00	-2.81897959E+01	-2.73586549E+01	
2.00000000E+00	-2.84400284E+01	-2.70764022E+01	
2.50000000E+00	-2.78999160E+01	-2.67639362E+01	
3.00000000E+00	-2.68019113E+01	-2.66763238E+01	
3.50000000E+00	-2.53074657E+01	-2.59546591E+01	
4.00000000E+00	-2.36606531E+01	-2.41072858E+01	
4.50000000E+00	-2.22077766E+01	-2.21126381E+01	
5.00000000E+00	-2.11949188E+01	-2.07579615E+01	
5.50000000E+00	-2.07203891E+01	-2.02260634E+01	
6.00000000E+00	-2.07928742E+01	-2.04649803E+01	
6.50000000E+00	-2.13943484E+01	-2.13469523E+01	
7.00000000E+00	-2.25343991E+01	-2.27285652E+01	
7.50000000E+00	-2.43122838E+01	-2.45166800E+01	
8.00000000E+00	-2.69113846E+01	-2.65548568E+01	
8.50000000E+00	-2.98379070E+01	-2.77244718E+01	
9.00000000E+00	-2.92440955E+01	-2.62885374E+01	
9.50000000E+00	-2.55477150E+01	-2.37191885E+01	
1.00000000E+01	-2.24000005E+01	-2.16195692E+01	
1.05000000E+01	-2.01433904E+01	-2.01627310E+01	
1.10000000E+01	-1.85333775E+01	-1.90887123E+01	
1.15000000E+01	-1.73744450E+01	-1.81120491E+01	
1.20000000E+01	-1.65614987E+01	-1.71336106E+01	
1.25000000E+01	-1.60703949E+01	-1.62755781E+01	
1.30000000E+01	-1.59300034E+01	-1.57254513E+01	
1.35000000E+01	-1.61732346E+01	-1.56032952E+01	
1.40000000E+01	-1.67430210E+01	-1.59084959E+01	
1.45000000E+01	-1.72865045E+01	-1.64312191E+01	
1.50000000E+01	-1.70167706E+01	-1.65979099E+01	
1.55000000E+01	-1.55311784E+01	-1.57473728E+01	
1.60000000E+01	-1.35075932E+01	-1.40320874E+01	
1.65000000E+01	-1.16547085E+01	-1.21598134E+01	
1.70000000E+01	-1.02393814E+01	-1.05734825E+01	
1.75000000E+01	-9.30571550E+00	-9.42124129E+00	
1.80000000E+01	-8.81995426E+00	-8.72569500E+00	
1.85000000E+01	-8.69643709E+00	-8.44579787E+00	
1.90000000E+01	-8.76279359E+00	-8.45294470E+00	
1.95000000E+01	-8.71809912E+00	-8.46468742E+00	
2.00000000E+01	-8.22605687E+00	-8.07861852E+00	
2.05000000E+01	-7.20582075E+00	-7.10111422E+00	
2.10000000E+01	-5.91222134E+00	-5.77649998E+00	
2.15000000E+01	-4.65495085E+00	-4.47885216E+00	
2.20000000E+01	-3.61501207E+00	-3.42939504E+00	
2.25000000E+01	-2.85605534E+00	-2.69695266E+00	
2.30000000E+01	-2.37291450E+00	-2.26526197E+00	
2.35000000E+01	-2.11709111E+00	-2.07033902E+00	
2.40000000E+01	-2.00402840E+00	-2.01347407E+00	
2.45000000E+01	-1.91939222E+00	-1.97070482E+00	
2.50000000E+01	-1.74292396E+00	-1.81796513E+00	
2.55000000E+01	-1.39431335E+00	-1.47588358E+00	
2.60000000E+01	-8.70215348E-01	-9.44717652E-01	
2.65000000E+01	-2.34246118E-01	-2.93367711E-01	
2.70000000E+01	4.27504825E-01	3.85731205E-01	
2.75000000E+01	1.04239036E+00	1.01429680E+00	
2.80000000E+01	1.56236245E+00	1.54135556E+00	
2.85000000E+01	1.96032183E+00	1.94051683E+00	
2.90000000E+01	2.22386267E+00	2.20244507E+00	
2.95000000E+01	2.34984814E+00	2.32767052E+00	
3.00000000E+01	2.34120713E+00	2.32109602E+00	
3.05000000E+01	2.20472791E+00	2.18844619E+00	
3.10000000E+01	1.94933402E+00	1.93474586E+00	
3.15000000E+01	1.58460988E+00	1.56469577E+00	
3.20000000E+01	1.11973553E+00	1.08435188E+00	
3.25000000E+01	5.63131961E-01	5.03074057E-01	
3.30000000E+01	-7.69021089E-02	-1.65385549E-01	
3.35000000E+01	-7.90572858E-01	-9.03376192E-01	
3.40000000E+01	-1.56430477E+00	-1.69127355E+00	
3.45000000E+01	-2.37927553E+00	-2.50968007E+00	
3.50000000E+01	-3.21055888E+00	-3.34032367E+00	
3.55000000E+01	-4.03016080E+00	-4.16494401E+00	
3.60000000E+01	-4.81292118E+00	-4.96348589E+00	
3.65000000E+01	-5.54419061E+00	-5.71483915E+00	
3.70000000E+01	-6.22542241E+00	-6.40315563E+00	
3.75000000E+01	-6.87420656E+00	-7.02870174E+00	
3.80000000E+01	-7.51849567E+00	-7.61596488E+00	
3.85000000E+01	-8.18789741E+00	-8.21040200E+00	
3.90000000E+01	-8.90475940E+00	-8.86272011E+00	
3.95000000E+01	-9.67553509E+00	-9.60765427E+00	
4.00000000E+01	-1.04811938E+01	-1.04441472E+01	
4.05000000E+01	-1.12671519E+01	-1.13202792E+01	
4.10000000E+01	-1.19408908E+01	-1.21295782E+01	
4.15000000E+01	-1.23957622E+01	-1.27358783E+01	
4.20000000E+01	-1.25689115E+01	-1.30373010E+01	
4.25000000E+01	-1.24911195E+01	-1.30298107E+01	
4.30000000E+01	-1.22698813E+01	-1.28037685E+01	
4.35000000E+01	-1.20235631E+01	-1.24812392E+01	
4.40000000E+01	-1.18291010E+01	-1.21594196E+01	
4.45000000E+01	-1.17024122E+01	-1.18858187E+01	
4.50000000E+01	-1.15979804E+01	-1.16514645E+01	
4.55000000E+01	-1.14241624E+01	-1.13941212E+01	
4.60000000E+01	-1.10845203E+01	-1.10228813E+01	
4.65000000E+01	-1.05358770E+01	-1.04727634E+01	
4.70000000E+01	-9.81464459E+00	-9.75507669E+00	
4.75000000E+01	-9.00413555E+00	-8.94869018E+00	
4.80000000E+01	-8.18296997E+00	-8.14281430E+00	
4.85000000E+01	-7.39868132E+00	-7.39133918E+00	
4.90000000E+01	-6.66769627E+00	-6.70390249E+00	
4.95000000E+01	-5.98495240E+00	-6.06078657E+00	
5.00000000E+01	-5.33332379E+00	-5.43432850E+00	
5.05000000E+01	-4.69148727E+00	-4.80514985E+00	
5.10000000E+01	-4.04195006E+00	-4.16741537E+00	
5.15000000E+01	-3.37886404E+00	-3.52526231E+00	
5.20000000E+01	-2.71208523E+00	-2.88763632E+00	
5.25000000E+01	-2.06404867E+00	-2.26617214E+00	
5.30000000E+01	-1.46076569E+00	-1.67489126E+00	
5.35000000E+01	-9.22235718E-01	-1.12845907E+00	
5.40000000E+01	-4.57097457E-01	-6.38484046E-01	
5.45000000E+01	-6.31824628E-02	-2.10528415E-01	
5.50000000E+01	2.67249399E-01	1.55360087E-01	
5.55000000E+01	5.40530842E-01	4.60447911E-01	
5.60000000E+01	7.56402769E-01	7.02319493E-01	
5.65000000E+01	9.06956016E-01	8.72772316E-01	
5.70000000E+01	9.79570575E-01	9.59971317E-01	
5.75000000E+01	9.60820149E-01	9.52793619E-01	
5.80000000E+01	8.39710793E-01	8.43905272E-01	
5.85000000E+01	6.08698421E-01	6.29650673E-01	
5.90000000E+01	2.63443848E-01	3.07596141E-01	
5.95000000E+01	-1.97495243E-01	-1.25594460E-01	
6.00000000E+01	-7.72298663E-01	-6.73605834E-01	
6.05000000E+01	-1.45504161E+00	-1.33718745E+00	
6.10000000E+01	-2.23538784E+00	-2.11068261E+00	
6.15000000E+01	-3.09994826E+00	-2.98186324E+00	
6.20000000E+01	-4.03558168E+00	-3.93682024E+00	
6.25000000E+01	-5.03338549E+00	-4.96753704E+00	
6.30000000E+01	-6.09090337E+00	-6.07601208E+00	
6.35000000E+01	-7.21054105E+00	-7.26984415E+00	
6.40000000E+01	-8.39416145E+00	-8.55045451E+00	
6.45000000E+01	-9.63564345E+00	-9.90053558E+00	
6.50000000E+01	-1.09135825E+01	-1.12771282E+01	
6.55000000E+01	-1.21863275E+01	-1.26130254E+01	
6.60000000E+01	-1.33928527E+01	-1.38272237E+01	
6.65000000E+01	-1.44635580E+01	-1.48463517E+01	
6.70000000E+01	-1.53392277E+01	-1.56325291E+01	
6.75000000E+01	-1.59853461E+01	-1.61926743E+01	
6.80000000E+01	-1.63924146E+01	-1.65492177E+01	
6.85000000E+01	-1.65736041E+01	-1.67049596E+01	
6.90000000E+01	-1.65727423E+01	-1.66566646E+01	
6.95000000E+01	-1.64676481E+01	-1.64463073E+01	
7.00000000E+01	-1.63504334E+01	-1.61739727E+01	
7.05000000E+01	-1.62962449E+01	-1.59502623E+01	
7.10000000E+01	-1.63451338E+01	-1.58490408E+01	
7.15000000E+01	-1.65056297E+01	-1.59018316E+01	
7.20000000E+01	-1.67728344E+01	-1.61225856E+01	
7.25000000E+01	-1.71465204E+01	-1.65344563E+01	
7.30000000E+01	-1.76340392E+01	-1.71743338E+01	
7.35000000E+01	-1.82327811E+01	-1.80616719E+01	
7.40000000E+01	-1.89042870E+01	-1.91246070E+01	
7.45000000E+01	-1.95661134E+01	-2.00974302E+01	
7.50000000E+01	-2.01266751E+01	-2.05572123E+01	
7.55000000E+01	-2.05449899E+01	-2.03434052E+01	
7.60000000E+01	-2.08399430E+01	-1.98002707E+01	
7.65000000E+01	-2.10234552E+01	-1.93605388E+01	
7.70000000E+01	-2.10506230E+01	-1.92570762E+01	
7.75000000E+01	-2.08783799E+01	-1.95661861E+01	
7.80000000E+01	-2.05789094E+01	-2.02960113E+01	
7.85000000E+01	-2.03515441E+01	-2.14353141E+01	
7.90000000E+01	-2.04300329E+01	-2.29739384E+01	
7.95000000E+01	-2.10158233E+01	-2.48878183E+01	
8.00000000E+01	-2.22560165E+01	-2.69954688E+01	
8.05000000E+01	-2.41078690E+01	-2.84844504E+01	
8.10000000E+01	-2.56313267E+01	-2.80419265E+01	
8.15000000E+01	-2.48415328E+01	-2.61246551E+01	
8.20000000E+01	-2.25455360E+01	-2.41024429E+01	
8.25000000E+01	-2.05819999E+01	-2.25162538E+01	
8.30000000E+01	-1.94198591E+01	-2.14674224E+01	
8.35000000E+01	-1.90752772E+01	-2.09716708E+01	
8.40000000E+01	-1.95203077E+01	-2.10577701E+01	
8.45000000E+01	-2.07222438E+01	-2.18003189E+01	
8.50000000E+01	-2.25119034E+01	-2.33499467E+01	
8.55000000E+01	-2.41753164E+01	-2.59510316E+01	
8.60000000E+01	-2.44040496E+01	-2.94452028E+01	
8.65000000E+01	-2.32461874E+01	-2.97944899E+01	
8.70000000E+01	-2.18548141E+01	-2.59805491E+01	
8.75000000E+01	-2.06725915E+01	-2.27590907E+01	
8.80000000E+01	-1.96762391E+01	-2.06227804E+01	
8.85000000E+01	-1.88330618E+01	-1.93211014E+01	
8.90000000E+01	-1.82291335E+01	-1.86873357E+01	
8.95000000E+01	-1.80167765E+01	-1.86434678E+01	
9.00000000E+01	-1.83395469E+01	-1.91779409E+01	
9.05000000E+01	-1.92871057E+01	-2.03452918E+01	
9.10000000E+01	-2.07950579E+01	-2.22918011E+01	
9.15000000E+01	-2.22932154E+01	-2.52997341E+01	
9.20000000E+01	-2.25098617E+01	-2.94258919E+01	
9.25000000E+01	-2.12619113E+01	-3.03170641E+01	
9.30000000E+01	-1.97504469E+01	-2.61771362E+01	
9.35000000E+01	-1.85826311E+01	-2.27329281E+01	
9.40000000E+01	-1.77868082E+01	-2.03845852E+01	
9.45000000E+01	-1.72473540E+01	-1.87977122E+01	
9.50000000E+01	-1.68763965E+01	-1.77670794E+01	
9.55000000E+01	-1.66554664E+01	-1.71826294E+01	
9.60000000E+01	-1.66106752E+01	-1.69883494E+01	
9.65000000E+01	-1.67722653E+01	-1.71607884E+01	
9.70000000E+01	-1.71521074E+01	-1.76965657E+01	
9.75000000E+01	-1.77307462E+01	-1.85991964E+01	
9.80000000E+01	-1.84222391E+01	-1.98481635E+01	
9.85000000E+01	-1.90120059E+01	-2.13062210E+01	
9.90000000E+01	-1.91827122E+01	-2.25103188E+01	
9.95000000E+01	-1.87869499E+01	-2.26624400E+01	
1.00000000E+02	-1.80343902E+01	-2.15682795E+01	
1.00500000E+02	-1.72196204E+01	-1.99432454E+01	
1.01000000E+02	-1.64540129E+01	-1.83655256E+01	
1.01500000E+02	-1.56770998E+01	-1.70196306E+01	
1.02000000E+02	-1.48023954E+01	-1.59156299E+01	
1.02500000E+02	-1.38464723E+01	-1.50157962E+01	
1.03000000E+02	-1.29263938E+01	-1.42763153E+01	
1.03500000E+02	-1.21636630E+01	-1.36585285E+01	
1.04000000E+02	-1.16161797E+01	-1.31306392E+01	
1.04500000E+02	-1.12669872E+01	-1.26668108E+01	
1.05000000E+02	-1.10426697E+01	-1.22466136E+01	
1.05500000E+02	-1.08498500E+01	-1.18562061E+01	
1.06000000E+02	-1.06235445E+01	-1.14909519E+01	
1.06500000E+02	-1.03604040E+01	-1.11574953E+01	
1.07000000E+02	-1.01038935E+01	-1.08729107E+01	
1.07500000E+02	-9.90853847E+00	-1.06599640E+01	
1.08000000E+02	-9.80587986E+00	-1.05394921E+01	
1.08500000E+02	-9.79000488E+00	-1.05216901E+01	
1.09000000E+02	-9.82147452E+00	-1.05978221E+01	
1.09500000E+02	-9.85169319E+00	-1.07344324E+01	
1.10000000E+02	-9.86184995E+00	-1.08750205E+01	
1.10500000E+02	-9.88436198E+00	-1.09566134E+01	
1.11000000E+02	-9.97633725E+00	-1.09413460E+01	
1.11500000E+02	-1.01619185E+01	-1.08433457E+01	
1.12000000E+02	-1.03927056E+01	-1.07252576E+01	
1.12500000E+02	-1.05716941E+01	-1.06664802E+01	
1.13000000E+02	-1.06474225E+01	-1.07286640E+01	
1.13500000E+02	-1.06851919E+01	-1.09334101E+01	
1.14000000E+02	-1.08133230E+01	-1.12500073E+01	
1.14500000E+02	-1.11044881E+01	-1.15934012E+01	
1.15000000E+02	-1.15014903E+01	-1.18491362E+01	
1.15500000E+02	-1.18322734E+01	-1.19396520E+01	
1.16000000E+02	-1.19425843E+01	-1.18901678E+01	
1.16500000E+02	-1.18520254E+01	-1.18189566E+01	
1.17000000E+02	-1.17238717E+01	-1.18633261E+01	
1.17500000E+02	-1.17051902E+01	-1.21156997E+01	
1.18000000E+02	-1.18437528E+01	-1.25897751E+01	
1.18500000E+02	-1.21008685E+01	-1.31913219E+01	
1.19000000E+02	-1.23976148E+01	-1.37010200E+01	
1.19500000E+02	-1.26591372E+01	-1.38644574E+01	
1.20000000E+02	-1.28364031E+01	-1.36233525E+01	
1.20500000E+02	-1.29050725E+01	-1.31917931E+01	
1.21000000E+02	-1.28673900E+01	-1.28454779E+01	
1.21500000E+02	-1.27639631E+01	-1.27467201E+01	
1.22000000E+02	-1.26623524E+01	-1.29109168E+01	
1.22500000E+02	-1.26102297E+01	-1.32038508E+01	
1.23000000E+02	-1.25957268E+01	-1.33602499E+01	
1.23500000E+02	-1.25653999E+01	-1.31435316E+01	
1.24000000E+02	-1.24964443E+01	-1.25921210E+01	
1.24500000E+02	-1.24402883E+01	-1.19880790E+01	
1.25000000E+02	-1.24655151E+01	-1.16083085E+01	
1.25500000E+02	-1.25657268E+01	-1.16072692E+01	
1.26000000E+02	-1.26425066E+01	-1.20161694E+01	
1.26500000E+02	-1.26012026E+01	-1.27190561E+01	
1.27000000E+02	-1.24563702E+01	-1.33765423E+01	
1.27500000E+02	-1.22909006E+01	-1.35116524E+01	
1.28000000E+02	-1.21343002E+01	-1.30124265E+01	
1.28500000E+02	-1.19407237E+01	-1.23074132E+01	
1.29000000E+02	-1.16811812E+01	-1.18524688E+01	
1.29500000E+02	-1.14026714E+01	-1.18633555E+01	
1.30000000E+02	-1.11640582E+01	-1.23371238E+01	
1.30500000E+02	-1.09498458E+01	-1.30094048E+01	
1.31000000E+02	-1.06924815E+01	-1.32894368E+01	
1.31500000E+02	-1.03729026E+01	-1.27316147E+01	
1.32000000E+02	-1.00623745E+01	-1.16954541E+01	
1.32500000E+02	-9.84889954E+00	-1.08155703E+01	
1.33000000E+02	-9.75282059E+00	-1.04267287E+01	
1.33500000E+02	-9.71403472E+00	-1.05943357E+01	
1.34000000E+02	-9.64215984E+00	-1.11635738E+01	
1.34500000E+02	-9.48282761E+00	-1.16663656E+01	
1.35000000E+02	-9.24611780E+00	-1.14770908E+01	
1.35500000E+02	-8.98091170E+00	-1.05845721E+01	
1.36000000E+02	-8.72656102E+00	-9.61810336E+00	
1.36500000E+02	-8.47748807E+00	-9.07115446E+00	
1.37000000E+02	-8.18732284E+00	-9.12136985E+00	
1.37500000E+02	-7.82219343E+00	-9.70591230E+00	
1.38000000E+02	-7.41269640E+00	-1.04050185E+01	
1.38500000E+02	-7.02973931E+00	-1.03681839E+01	
1.39000000E+02	-6.70679944E+00	-9.25138391E+00	
1.39500000E+02	-6.40274586E+00	-7.79240899E+00	
1.40000000E+02	-6.05025105E+00	-6.66518269E+00	
1.40500000E+02	-5.63836551E+00	-6.08632751E+00	
1.41000000E+02	-5.22348857E+00	-6.02219355E+00	
1.41500000E+02	-4.85854946E+00	-6.26074461E+00	
1.42000000E+02	-4.54055444E+00	-6.39300158E+00	
1.42500000E+02	-4.23050005E+00	-6.01420534E+00	
1.43000000E+02	-3.90511189E+00	-5.16286287E+00	
1.43500000E+02	-3.57162055E+00	-4.24667358E+00	
1.44000000E+02	-3.23715279E+00	-3.59425216E+00	
1.44500000E+02	-2.88974202E+00	-3.31461175E+00	
1.45000000E+02	-2.52041058E+00	-3.33309664E+00	
1.45500000E+02	-2.14710653E+00	-3.41105088E+00	
1.46000000E+02	-1.79875832E+00	-3.22981033E+00	
1.46500000E+02	-1.48106175E+00	-2.65260997E+00	
1.47000000E+02	-1.17238725E+00	-1.87197043E+00	
1.47500000E+02	-8.55770259E-01	-1.18579365E+00	
1.48000000E+02	-5.44487277E-01	-7.71756138E-01	
1.48500000E+02	-2.67344156E-01	-6.45108756E-01	
1.49000000E+02	-3.51651940E-02	-6.70907208E-01	
1.49500000E+02	1.69070782E-01	-6.00948189E-01	
1.50000000E+02	3.67771160E-01	-2.27423314E-01	
1.50500000E+02	5.63105535E-01	4.15812196E-01	
1.51000000E+02	7.37747023E-01	1.09278655E+00	
1.51500000E+02	8.75327527E-01	1.57705313E+00	
1.52000000E+02	9.71856347E-01	1.75766975E+00	
1.52500000E+02	1.02788545E+00	1.64324389E+00	
1.53000000E+02	1.03953262E+00	1.35648238E+00	
1.53500000E+02	1.00078178E+00	1.11602348E+00	
1.54000000E+02	9.18050432E-01	1.12670655E+00	
1.54500000E+02	8.12941477E-01	1.40404790E+00	
1.55000000E+02	7.06410599E-01	1.76302289E+00	
1.55500000E+02	5.99326251E-01	1.98880496E+00	
1.56000000E+02	4.72975719E-01	1.95521279E+00	
1.56500000E+02	3.10957615E-01	1.64062386E+00	
1.57000000E+02	1.19741134E-01	1.11771019E+00	
1.57500000E+02	-7.17156023E-02	5.41157775E-01	
1.58000000E+02	-2.32187302E-01	9.42027606E-02	
1.58500000E+02	-3.49038748E-01	-1.28045997E-01	
1.59000000E+02	-4.30229201E-01	-1.92369661E-01	
1.59500000E+02	-4.88564136E-01	-2.55571770E-01	
1.60000000E+02	-5.26532508E-01	-4.47568321E-01	
1.60500000E+02	-5.35513781E-01	-8.21052116E-01	
1.61000000E+02	-5.07687601E-01	-1.35086464E+00	
1.61500000E+02	-4.48208093E-01	-1.93931445E+00	
1.62000000E+02	-3.75476927E-01	-2.41901361E+00	
1.62500000E+02	-3.08783438E-01	-2.58554498E+00	
1.63000000E+02	-2.54722148E-01	-2.30352751E+00	
1.63500000E+02	-2.04858726E-01	-1.62233800E+00	
1.64000000E+02	-1.47483492E-01	-7.47074961E-01	
1.64500000E+02	-8.34221061E-02	9.84709694E-02	
1.65000000E+02	-3.04681696E-02	7.55950965E-01	
1.65500000E+02	-1.11785289E-02	1.13941615E+00	
1.66000000E+02	-3.40317271E-02	1.21921551E+00	
1.66500000E+02	-8.18124660E-02	1.01374433E+00	
1.67000000E+02	-1.14843252E-01	5.93518007E-01	
1.67500000E+02	-8.96128914E-02	8.55310603E-02	
1.68000000E+02	1.51493620E-02	-3.52685965E-01	
1.68500000E+02	1.81854311E-01	-6.11293740E-01	
1.69000000E+02	3.59982899E-01	-6.99807634E-01	
1.69500000E+02	4.88996896E-01	-7.17716849E-01	
1.70000000E+02	5.21392605E-01	-7.59333457E-01	
1.70500000E+02	4.35674649E-01	-8.56790326E-01	
1.71000000E+02	2.39273014E-01	-9.85604357E-01	
1.71500000E+02	-3.50162016E-02	-1.10232028E+00	
1.72000000E+02	-3.36238761E-01	-1.17761433E+00	
1.72500000E+02	-6.04453966E-01	-1.19621738E+00	
1.73000000E+02	-7.81279105E-01	-1.12821858E+00	
1.73500000E+02	-8.22396770E-01	-9.13902618E-01	
1.74000000E+02	-7.11300427E-01	-4.99491930E-01	
1.74500000E+02	-4.69269558E-01	1.00259024E-01	
1.75000000E+02	-1.54561588E-01	7.88869936E-01	
1.75500000E+02	1.48140575E-01	1.44143033E+00	
1.76000000E+02	3.44539811E-01	1.96021654E+00	
1.76500000E+02	3.46507510E-01	2.29375580E+00	
1.77000000E+02	8.48732868E-02	2.43174279E+00	
1.77500000E+02	-4.78980676E-01	2.39497411E+00	
1.78000000E+02	-1.33764923E+00	2.22743596E+00	
1.78500000E+02	-2.41299095E+00	1.98978687E+00	
1.79000000E+02	-3.52610004E+00	1.75115621E+00	
1.79500000E+02	-4.39560966E+00	1.57719139E+00	
1.80000000E+02	-4.72762259E+00	1.51554091E+00	
1.80500000E+02	-4.39134466E+00	1.58345979E+00	
1.81000000E+02	-3.51753581E+00	1.76296222E+00	
1.81500000E+02	-2.39960304E+00	2.00586813E+00	
1.82000000E+02	-1.31850892E+00	2.24631848E+00	
1.82500000E+02	-4.53217346E-01	2.41528924E+00	
1.83000000E+02	1.17666852E-01	2.45244587E+00	
1.83500000E+02	3.85936060E-01	2.31422618E+00	
1.84000000E+02	3.89121288E-01	1.98027058E+00	
1.84500000E+02	1.95192643E-01	1.46127403E+00	
1.85000000E+02	-1.08638338E-01	8.08964148E-01	
1.85500000E+02	-4.28210837E-01	1.21009721E-01	
1.86000000E+02	-6.78004773E-01	-4.78225247E-01	
1.86500000E+02	-7.97869959E-01	-8.93132775E-01	
1.87000000E+02	-7.64808922E-01	-1.10952586E+00	
1.87500000E+02	-5.93907459E-01	-1.18106554E+00	
1.88000000E+02	-3.28757386E-01	-1.16694494E+00	
1.88500000E+02	-2.76909844E-02	-1.09650820E+00	
1.89000000E+02	2.48918676E-01	-9.84513608E-01	
1.89500000E+02	4.49354369E-01	-8.59812523E-01	
1.90000000E+02	5.39721940E-01	-7.65340615E-01	
1.90500000E+02	5.11054786E-01	-7.24820859E-01	
1.91000000E+02	3.82949294E-01	-7.05051559E-01	
1.91500000E+02	2.01231106E-01	-6.10980444E-01	
1.92000000E+02	2.62459422E-02	-3.44113080E-01	
1.92500000E+02	-8.90651422E-02	1.02089663E-01	
1.93000000E+02	-1.22639605E-01	6.15058292E-01	
1.93500000E+02	-9.18578916E-02	1.03649338E+00	
1.94000000E+02	-3.95119821E-02	1.23998399E+00	
1.94500000E+02	-8.25793039E-03	1.15586705E+00	
1.95000000E+02	-2.05588395E-02	7.66500776E-01	
1.95500000E+02	-7.28894060E-02	1.02389466E-01	
1.96000000E+02	-1.44350528E-01	-7.49087201E-01	
1.96500000E+02	-2.13642072E-01	-1.62719884E+00	
1.97000000E+02	-2.73021420E-01	-2.30570075E+00	
1.97500000E+02	-3.28536997E-01	-2.57997201E+00	
1.98000000E+02	-3.88036397E-01	-2.40536111E+00	
1.98500000E+02	-4.49466749E-01	-1.92193867E+00	
1.99000000E+02	-4.99854094E-01	-1.33527437E+00	
1.99500000E+02	-5.24507720E-01	-8.11629136E-01	
2.00000000E+02	-5.17128310E-01	-4.47204604E-01	
2.00500000E+02	-4.81277324E-01	-2.65714700E-01	
2.01000000E+02	-4.22363441E-01	-2.12487645E-01	
2.01500000E+02	-3.38670812E-01	-1.54577417E-01	
2.02000000E+02	-2.21397166E-01	6.76318860E-02	
2.02500000E+02	-6.56986178E-02	5.20329394E-01	
2.03000000E+02	1.17352659E-01	1.10420419E+00	
2.03500000E+02	3.02082620E-01	1.63220910E+00	
2.04000000E+02	4.64223298E-01	1.94832572E+00	
2.04500000E+02	5.96792534E-01	1.98017352E+00	
2.05000000E+02	7.10463746E-01	1.75044782E+00	
2.05500000E+02	8.17826794E-01	1.38733459E+00	
2.06000000E+02	9.17319822E-01	1.10869555E+00	
2.06500000E+02	9.93577664E-01	1.10151657E+00	
2.07000000E+02	1.03165024E+00	1.34844427E+00	
2.07500000E+02	1.02677228E+00	1.64104952E+00	
2.08000000E+02	9.79574461E-01	1.75878647E+00	
2.08500000E+02	8.86552066E-01	1.57874816E+00	
2.09000000E+02	7.42070849E-01	1.09270291E+00	
2.09500000E+02	5.51956680E-01	4.12189425E-01	
2.10000000E+02	3.39765410E-01	-2.35188839E-01	
2.10500000E+02	1.30481325E-01	-6.11773723E-01	
2.11000000E+02	-7.52329282E-02	-6.82904099E-01	
2.11500000E+02	-3.03175004E-01	-6.57062997E-01	
2.12000000E+02	-5.76406669E-01	-7.83124509E-01	
2.12500000E+02	-8.87901431E-01	-1.19579111E+00	
2.13000000E+02	-1.20790866E+00	-1.87894710E+00	
2.13500000E+02	-1.51919238E+00	-2.65454531E+00	
2.14000000E+02	-1.83644378E+00	-3.22681818E+00	
2.14500000E+02	-2.18299197E+00	-3.40738803E+00	
2.15000000E+02	-2.55567790E+00	-3.33388382E+00	
2.15500000E+02	-2.92398309E+00	-3.32172089E+00	
2.16000000E+02	-3.26428073E+00	-3.60596859E+00	
2.16500000E+02	-3.58288637E+00	-4.25832208E+00	
2.17000000E+02	-3.89788080E+00	-5.16724431E+00	
2.17500000E+02	-4.21265281E+00	-6.00532713E+00	
2.18000000E+02	-4.52330340E+00	-6.37511085E+00	
2.18500000E+02	-4.84398457E+00	-6.24737181E+00	
2.19000000E+02	-5.20202951E+00	-6.02220712E+00	
2.19500000E+02	-5.60099126E+00	-6.10030613E+00	
2.20000000E+02	-6.00527671E+00	-6.68876543E+00	
2.20500000E+02	-6.37255696E+00	-7.81644894E+00	
2.21000000E+02	-6.71247314E+00	-9.25869841E+00	
2.21500000E+02	-7.07155660E+00	-1.03403356E+01	
2.22000000E+02	-7.46971711E+00	-1.03539528E+01	
2.22500000E+02	-7.86528898E+00	-9.66110468E+00	
2.23000000E+02	-8.19561082E+00	-9.09275581E+00	
2.23500000E+02	-8.44811179E+00	-9.05561399E+00	
2.24000000E+02	-8.67111575E+00	-9.60859214E+00	
2.24500000E+02	-8.91513963E+00	-1.05720461E+01	
2.25000000E+02	-9.18263735E+00	-1.14543126E+01	
2.25500000E+02	-9.42931810E+00	-1.16385809E+01	
2.26000000E+02	-9.60345243E+00	-1.11442377E+01	
2.26500000E+02	-9.69354354E+00	-1.05886219E+01	
2.27000000E+02	-9.74923886E+00	-1.04323521E+01	
2.27500000E+02	-9.85259106E+00	-1.08273759E+01	
2.28000000E+02	-1.00593838E+01	-1.17056301E+01	
2.28500000E+02	-1.03569845E+01	-1.27294566E+01	
2.29000000E+02	-1.06748374E+01	-1.32699556E+01	
2.29500000E+02	-1.09508638E+01	-1.29842563E+01	
2.30000000E+02	-1.11908763E+01	-1.23194896E+01	
2.30500000E+02	-1.14452866E+01	-1.18560624E+01	
2.31000000E+02	-1.17250567E+01	-1.18521865E+01	
2.31500000E+02	-1.19929022E+01	-1.23078268E+01	
2.32000000E+02	-1.22129711E+01	-1.30054478E+01	
2.32500000E+02	-1.23931445E+01	-1.34929511E+01	
2.33000000E+02	-1.25472634E+01	-1.33542083E+01	
2.33500000E+02	-1.26428708E+01	-1.27059898E+01	
2.34000000E+02	-1.26320094E+01	-1.20167902E+01	
2.34500000E+02	-1.25333147E+01	-1.16183194E+01	
2.35000000E+02	-1.24367574E+01	-1.16222901E+01	
2.35500000E+02	-1.24187788E+01	-1.19936672E+01	
2.36000000E+02	-1.24811225E+01	-1.25749229E+01	
2.36500000E+02	-1.25689226E+01	-1.30937322E+01	
2.37000000E+02	-1.26348898E+01	-1.32869483E+01	
2.37500000E+02	-1.26806709E+01	-1.31337769E+01	
2.38000000E+02	-1.27368099E+01	-1.28674869E+01	
2.38500000E+02	-1.28164545E+01	-1.27402625E+01	
2.39000000E+02	-1.28937946E+01	-1.28767661E+01	
2.39500000E+02	-1.29176418E+01	-1.32544015E+01	
2.40000000E+02	-1.28434753E+01	-1.37012416E+01	
2.40500000E+02	-1.26608729E+01	-1.39323076E+01	
2.41000000E+02	-1.23989383E+01	-1.37391957E+01	
2.41500000E+02	-1.21126502E+01	-1.32012358E+01	
2.42000000E+02	-1.18667442E+01	-1.25859056E+01	
2.42500000E+02	-1.17215223E+01	-1.21115157E+01	
2.43000000E+02	-1.17098242E+01	-1.18667300E+01	
2.43500000E+02	-1.18012225E+01	-1.18326344E+01	
2.44000000E+02	-1.18792338E+01	-1.19122360E+01	
2.44500000E+02	-1.17938048E+01	-1.19646147E+01	
2.45000000E+02	-1.15000518E+01	-1.18709094E+01	
2.45500000E+02	-1.11178870E+01	-1.16095676E+01	
2.46000000E+02	-1.08098348E+01	-1.12632792E+01	
2.46500000E+02	-1.06436514E+01	-1.09495272E+01	
2.47000000E+02	-1.05655875E+01	-1.07537762E+01	
2.47500000E+02	-1.04692687E+01	-1.07055005E+01	
2.48000000E+02	-1.03019670E+01	-1.07805385E+01	
2.48500000E+02	-1.01057450E+01	-1.09130812E+01	
2.49000000E+02	-9.95292250E+00	-1.10184672E+01	
2.49500000E+02	-9.86994123E+00	-1.10301274E+01	
2.50000000E+02	-9.82815511E+00	-1.09342935E+01	
2.50500000E+02	-9.78839162E+00	-1.07734376E+01	
2.51000000E+02	-9.74452551E+00	-1.06163134E+01	
2.51500000E+02	-9.72535400E+00	-1.05237974E+01	
2.52000000E+02	-9.76575425E+00	-1.05318238E+01	
2.52500000E+02	-9.88340637E+00	-1.06502147E+01	
2.53000000E+02	-1.00731817E+01	-1.08688180E+01	
2.53500000E+02	-1.03094643E+01	-1.11657268E+01	
2.54000000E+02	-1.05531419E+01	-1.15158023E+01	
2.54500000E+02	-1.07719817E+01	-1.18984449E+01	
2.55000000E+02	-1.09736024E+01	-1.23030626E+01	
2.55500000E+02	-1.12161539E+01	-1.27309946E+01	
2.56000000E+02	-1.15838913E+01	-1.31943054E+01	
2.56500000E+02	-1.21426500E+01	-1.37134532E+01	
2.57000000E+02	-1.29054364E+01	-1.43158104E+01	
2.57500000E+02	-1.38190033E+01	-1.50355636E+01	
2.58000000E+02	-1.47802266E+01	-1.59138527E+01	
2.58500000E+02	-1.56942822E+01	-1.69963748E+01	
2.59000000E+02	-1.65434978E+01	-1.83216456E+01	
2.59500000E+02	-1.73830398E+01	-1.98791880E+01	
2.60000000E+02	-1.82395634E+01	-2.14844276E+01	
2.60500000E+02	-1.89911861E+01	-2.25658002E+01	
2.61000000E+02	-1.93593291E+01	-2.24207172E+01	
2.61500000E+02	-1.91520841E+01	-2.12375050E+01	
2.62000000E+02	-1.85151111E+01	-1.98005101E+01	
2.62500000E+02	-1.77653426E+01	-1.85699497E+01	
2.63000000E+02	-1.71293356E+01	-1.76840989E+01	
2.63500000E+02	-1.67041580E+01	-1.71641248E+01	
2.64000000E+02	-1.65104796E+01	-1.70063687E+01	
2.64500000E+02	-1.65301049E+01	-1.72134219E+01	
2.65000000E+02	-1.67274411E+01	-1.78072938E+01	
2.65500000E+02	-1.70785382E+01	-1.88415145E+01	
2.66000000E+02	-1.76100360E+01	-2.04211615E+01	
2.66500000E+02	-1.84168441E+01	-2.27385872E+01	
2.67000000E+02	-1.96192625E+01	-2.60852713E+01	
2.67500000E+02	-2.12010527E+01	-2.99728501E+01	
2.68000000E+02	-2.25697464E+01	-2.92097052E+01	
2.68500000E+02	-2.24530296E+01	-2.52968952E+01	
2.69000000E+02	-2.09617220E+01	-2.23457357E+01	
2.69500000E+02	-1.94319618E+01	-2.04115444E+01	
2.70000000E+02	-1.84687874E+01	-1.92415656E+01	
2.70500000E+02	-1.81377740E+01	-1.86972344E+01	
2.71000000E+02	-1.83432569E+01	-1.87258692E+01	
2.71500000E+02	-1.89321878E+01	-1.93380850E+01	
2.72000000E+02	-1.97404918E+01	-2.06076340E+01	
2.72500000E+02	-2.06746631E+01	-2.26894516E+01	
2.73000000E+02	-2.17702153E+01	-2.58023949E+01	
2.73500000E+02	-2.30648548E+01	-2.94471838E+01	
2.74000000E+02	-2.41696664E+01	-2.92979831E+01	
2.74500000E+02	-2.40193268E+01	-2.59887077E+01	
2.75000000E+02	-2.24742755E+01	-2.34227604E+01	
2.75500000E+02	-2.07456679E+01	-2.18730727E+01	
2.76000000E+02	-1.95726200E+01	-2.11204695E+01	
2.76500000E+02	-1.91472200E+01	-2.10186568E+01	
2.77000000E+02	-1.95113944E+01	-2.14924272E+01	
2.77500000E+02	-2.06915370E+01	-2.25107215E+01	
2.78000000E+02	-2.26547538E+01	-2.40561533E+01	
2.78500000E+02	-2.48769780E+01	-2.60355003E+01	
2.79000000E+02	-2.55190920E+01	-2.79565332E+01	
2.79500000E+02	-2.39746184E+01	-2.85099934E+01	
2.80000000E+02	-2.21743040E+01	-2.71057887E+01	
2.80500000E+02	-2.09827761E+01	-2.49872339E+01	
2.81000000E+02	-2.04386997E+01	-2.30290215E+01	
2.81500000E+02	-2.04014109E+01	-2.14468938E+01	
2.82000000E+02	-2.06687685E+01	-2.02745939E+01	
2.82500000E+02	-2.09911873E+01	-1.95228810E+01	
2.83000000E+02	-2.11458013E+01	-1.92000759E+01	
2.83500000E+02	-2.10586571E+01	-1.92937677E+01	
2.84000000E+02	-2.08037132E+01	-1.97235825E+01	
2.84500000E+02	-2.04628366E+01	-2.02565263E+01	
2.85000000E+02	-2.00413013E+01	-2.04702609E+01	
2.85500000E+02	-1.95102897E+01	-2.00334376E+01	
2.86000000E+02	-1.88863861E+01	-1.90984456E+01	
2.86500000E+02	-1.82438212E+01	-1.80703173E+01	
2.87000000E+02	-1.76612567E+01	-1.72057331E+01	
2.87500000E+02	-1.71789530E+01	-1.65742518E+01	
2.88000000E+02	-1.68006298E+01	-1.61576116E+01	
2.88500000E+02	-1.65200834E+01	-1.59236061E+01	
2.89000000E+02	-1.63418903E+01	-1.58564840E+01	
2.89500000E+02	-1.62785584E+01	-1.59497749E+01	
2.90000000E+02	-1.63285478E+01	-1.61767680E+01	
2.90500000E+02	-1.64533892E+01	-1.64638645E+01	
2.91000000E+02	-1.65718192E+01	-1.66951491E+01	
2.91500000E+02	-1.65811709E+01	-1.67615852E+01	
2.92000000E+02	-1.63970446E+01	-1.66147064E+01	
2.92500000E+02	-1.59785339E+01	-1.62576851E+01	
2.93000000E+02	-1.53208342E+01	-1.56914690E+01	
2.93500000E+02	-1.44395889E+01	-1.48971688E+01	
2.94000000E+02	-1.33700442E+01	-1.38699944E+01	
2.94500000E+02	-1.21685597E+01	-1.26489546E+01	
2.95000000E+02	-1.09013484E+01	-1.13077624E+01	
2.95500000E+02	-9.62752400E+00	-9.92699693E+00	
2.96000000E+02	-8.38859137E+00	-8.57312024E+00	
2.96500000E+02	-7.20682692E+00	-7.28877841E+00	
2.97000000E+02	-6.08927399E+00	-6.09184262E+00	
2.97500000E+02	-5.03442897E+00	-4.98203897E+00	
2.98000000E+02	-4.03955481E+00	-3.95253764E+00	
2.98500000E+02	-3.10653474E+00	-3.00076151E+00	
2.99000000E+02	-2.24362997E+00	-2.13270271E+00	
2.99500000E+02	-1.46351112E+00	-1.35980279E+00	
3.00000000E+02	-7.79500496E-01	-6.92788282E-01	
3.00500000E+02	-2.02382345E-01	-1.37673457E-01	
3.01000000E+02	2.61022560E-01	3.04192630E-01	
3.01500000E+02	6.07862327E-01	6.33723323E-01	
3.02000000E+02	8.38898848E-01	8.52252794E-01	
3.02500000E+02	9.58545663E-01	9.61939825E-01	
3.03000000E+02	9.75227225E-01	9.67777630E-01	
3.03500000E+02	9.01181501E-01	8.78995294E-01	
3.04000000E+02	7.50674173E-01	7.07936467E-01	
3.04500000E+02	5.36377573E-01	4.66475169E-01	
3.05000000E+02	2.65243269E-01	1.62291096E-01	
3.05500000E+02	-6.35929031E-02	-2.02109353E-01	
3.06000000E+02	-4.56930755E-01	-6.26817170E-01	
3.06500000E+02	-9.22048157E-01	-1.11057528E+00	
3.07000000E+02	-1.46026602E+00	-1.64859534E+00	
3.07500000E+02	-2.06261846E+00	-2.23323987E+00	
3.08000000E+02	-2.70981396E+00	-2.85565732E+00	
3.08500000E+02	-3.37707544E+00	-3.50554622E+00	
3.09000000E+02	-4.04241461E+00	-4.16897709E+00	
3.09500000E+02	-4.69470253E+00	-4.82846684E+00	
3.10000000E+02	-5.33753520E+00	-5.47005331E+00	
3.10500000E+02	-5.98724577E+00	-6.09540734E+00	
3.11000000E+02	-6.66656701E+00	-6.72801760E+00	
3.11500000E+02	-7.39590788E+00	-7.40338398E+00	
3.12000000E+02	-8.18298003E+00	-8.14571167E+00	
3.12500000E+02	-9.01064085E+00	-8.94371709E+00	
3.13000000E+02	-9.82621145E+00	-9.73997409E+00	
3.13500000E+02	-1.05440485E+01	-1.04480446E+01	
3.14000000E+02	-1.10781963E+01	-1.10000903E+01	
3.14500000E+02	-1.13983801E+01	-1.13917731E+01	
3.15000000E+02	-1.15579062E+01	-1.16782679E+01	
3.15500000E+02	-1.16586253E+01	-1.19293513E+01	
3.16000000E+02	-1.17909682E+01	-1.21907492E+01	
3.16500000E+02	-1.19963167E+01	-1.24703183E+01	
3.17000000E+02	-1.22548629E+01	-1.27365841E+01	
3.17500000E+02	-1.24868513E+01	-1.29192220E+01	
3.18000000E+02	-1.25718088E+01	-1.29189078E+01	
3.18500000E+02	-1.24008375E+01	-1.26453807E+01	
3.19000000E+02	-1.19433733E+01	-1.20784029E+01	
3.19500000E+02	-1.12644905E+01	-1.12951534E+01	
3.20000000E+02	-1.04737837E+01	-1.04262358E+01	
3.20500000E+02	-9.66587126E+00	-9.58706233E+00	
3.21000000E+02	-8.89620247E+00	-8.84019581E+00	
3.21500000E+02	-8.18304689E+00	-8.19197209E+00	
3.22000000E+02	-7.51829662E+00	-7.60634623E+00	
3.22500000E+02	-6.87755055E+00	-7.02698941E+00	
3.23000000E+02	-6.22959803E+00	-6.40305714E+00	
3.23500000E+02	-5.54614618E+00	-5.70914400E+00	
3.24000000E+02	-4.81076699E+00	-4.94899134E+00	
3.24500000E+02	-4.02397761E+00	-4.14394685E+00	
3.25000000E+02	-3.20205439E+00	-3.31837495E+00	
3.25500000E+02	-2.37067020E+00	-2.49211151E+00	
3.26000000E+02	-1.55727104E+00	-1.68091794E+00	
3.26500000E+02	-7.85819529E-01	-9.00329956E-01	
3.27000000E+02	-7.41273089E-02	-1.68198887E-01	
3.27500000E+02	5.64566255E-01	4.96009231E-01	
3.28000000E+02	1.12042697E+00	1.07412466E+00	
3.28500000E+02	1.58484944E+00	1.55204486E+00	
3.29000000E+02	1.94907197E+00	1.92062089E+00	
3.29500000E+02	2.20370921E+00	2.17438370E+00	
3.30000000E+02	2.33918618E+00	2.30907629E+00	
3.30500000E+02	2.34679625E+00	2.31950797E+00	
3.31000000E+02	2.22010390E+00	2.19906454E+00	
3.31500000E+02	1.95657509E+00	1.94152547E+00	
3.32000000E+02	1.55964454E+00	1.54513302E+00	
3.32500000E+02	1.04185745E+00	1.01854334E+00	
3.33000000E+02	4.29845311E-01	3.88195371E-01	
3.33500000E+02	-2.29146013E-01	-2.94328671E-01	
3.34000000E+02	-8.63575992E-01	-9.49950909E-01	
3.34500000E+02	-1.38806306E+00	-1.48546467E+00	
3.35000000E+02	-1.73852935E+00	-1.83103591E+00	
3.35500000E+02	-1.91684689E+00	-1.98529290E+00	
3.36000000E+02	-2.00210596E+00	-2.02711856E+00	
3.36500000E+02	-2.11444349E+00	-2.08151848E+00	
3.37000000E+02	-2.36880425E+00	-2.27453569E+00	
3.37500000E+02	-2.85036862E+00	-2.70709007E+00	
3.38000000E+02	-3.60788605E+00	-3.44450985E+00	
3.38500000E+02	-4.64638744E+00	-4.50257976E+00	
3.39000000E+02	-5.90200679E+00	-5.80889633E+00	
3.39500000E+02	-7.19422231E+00	-7.13516219E+00	
3.40000000E+02	-8.21534612E+00	-8.10345538E+00	
3.40500000E+02	-8.71221981E+00	-8.48022159E+00	
3.41000000E+02	-8.76359582E+00	-8.47157386E+00	
3.41500000E+02	-8.70215072E+00	-8.47616931E+00	
3.42000000E+02	-8.82716634E+00	-8.76503554E+00	
3.42500000E+02	-9.31097232E+00	-9.45630725E+00	
3.43000000E+02	-1.02397115E+01	-1.05825024E+01	
3.43500000E+02	-1.16480210E+01	-1.21157205E+01	
3.44000000E+02	-1.34941525E+01	-1.39152550E+01	
3.44500000E+02	-1.55185395E+01	-1.55840005E+01	
3.45000000E+02	-1.70202795E+01	-1.64831609E+01	
3.45500000E+02	-1.73115236E+01	-1.64178054E+01	
3.46000000E+02	-1.67751253E+01	-1.59561766E+01	
3.46500000E+02	-1.62007805E+01	-1.56667928E+01	
3.47000000E+02	-1.59490571E+01	-1.57890246E+01	
3.47500000E+02	-1.60806651E+01	-1.63489672E+01	
3.48000000E+02	-1.65643072E+01	-1.72428926E+01	
3.48500000E+02	-1.73720157E+01	-1.82796234E+01	
3.49000000E+02	-1.85281763E+01	-1.93029561E+01	
3.49500000E+02	-2.01371768E+01	-2.03746666E+01	
3.50000000E+02	-2.23924110E+01	-2.17768612E+01	
3.50500000E+02	-2.55329940E+01	-2.37999921E+01	
3.51000000E+02	-2.92051484E+01	-2.63691989E+01	
3.51500000E+02	-2.97978090E+01	-2.80590806E+01	
3.52000000E+02	-2.69057823E+01	-2.70453320E+01	
3.52500000E+02	-2.43257220E+01	-2.48843486E+01	
3.53000000E+02	-2.25592855E+01	-2.29333684E+01	
3.53500000E+02	-2.14285851E+01	-2.14350798E+01	
3.54000000E+02	-2.08364130E+01	-2.04944442E+01	
3.54500000E+02	-2.07731392E+01	-2.02449229E+01	
3.55000000E+02	-2.12562582E+01	-2.08072020E+01	
3.55500000E+02	-2.22720249E+01	-2.22419433E+01	
3.56000000E+02	-2.37116262E+01	-2.43910472E+01	
3.56500000E+02	-2.53154918E+01	-2.64340301E+01	
3.57000000E+02	-2.67425902E+01	-2.72094699E+01	
3.57500000E+02	-2.77912884E+01	-2.72312506E+01	
3.58000000E+02	-2.83418453E+01	-2.74792310E+01	
3.58500000E+02	-2.81474627E+01	-2.76634264E+01	
3.59000000E+02	-2.73087460E+01	-2.70429986E+01	
3.59500000E+02	-2.64580181E+01	-2.60595275E+01	
3.60000000E+02	-2.61166833E+01	-2.56149758E+01	
